#Trackview output generated by PostView version 1.9
#Title : boneCompression.xplt
#Data : Z - displacement
# nodal data
      time                     70
               0                0 
    0.0500000007    -0.0500000007 
     0.100000001     -0.100000001 
     0.150000006     -0.150000006 
     0.200000003     -0.200000003 
            0.25            -0.25 
     0.300000012     -0.300000012 
     0.349999994     -0.349999994 
     0.400000006     -0.400000006 
     0.449999988     -0.449999988 
             0.5             -0.5 
     0.550000012     -0.550000012 
     0.600000024     -0.600000024 
     0.649999976     -0.649999976 
     0.699999988     -0.699999988 
            0.75            -0.75 
     0.800000012     -0.800000012 
     0.850000024     -0.850000024 
     0.899999976     -0.899999976 
     0.949999988     -0.949999988 
               1               -1 
